label;from;to;LATITUDE;LONGITUDE
Cobertura_Vegetal;2014;2015;-26.916730000000001;-52.467328999999999
Cobertura_Vegetal;2014;2015;-26.895959000000001;-52.469949000000000
Cobertura_Vegetal;2014;2015;-26.910758000000001;-52.492877999999997
Cobertura_Vegetal;2014;2015;-26.886220999999999;-52.476937000000000
Cobertura_Vegetal;2014;2015;-26.882553000000001;-52.485854000000003
Cobertura_Vegetal;2014;2015;-26.876531000000000;-52.448495000000001
Cobertura_Vegetal;2014;2015;-26.867766000000000;-52.480231000000003
Cobertura_Vegetal;2014;2015;-26.856662000000000;-52.467711000000001
Cobertura_Vegetal;2014;2015;-26.823799000000001;-52.473680000000002
Cobertura_Vegetal;2014;2015;-26.834970999999999;-52.454062999999998
Cobertura_Vegetal;2014;2015;-26.827566000000001;-52.452607000000000
Cobertura_Vegetal;2014;2015;-26.828150999999998;-52.405439999999999
Cobertura_Vegetal;2014;2015;-26.827826000000002;-52.367953999999997
Cobertura_Vegetal;2014;2015;-26.827631000000000;-52.354998000000002
Cobertura_Vegetal;2014;2015;-26.825163000000000;-52.308630999999998
Cobertura_Vegetal;2014;2015;-26.831398000000000;-52.293053999999998
Cobertura_Vegetal;2014;2015;-26.837827999999998;-52.293491000000003
Cobertura_Vegetal;2014;2015;-26.842569999999998;-52.319257999999998
Cobertura_Vegetal;2014;2015;-26.849778000000001;-52.305210000000002
Cobertura_Vegetal;2014;2015;-26.866012999999999;-52.297930999999998
Cobertura_Vegetal;2014;2015;-26.864713999999999;-52.323042999999998
Cobertura_Vegetal;2014;2015;-26.882698999999999;-52.308703999999999
Cobertura_Vegetal;2014;2015;-26.907820999999998;-52.295675000000003
Cobertura_Vegetal;2014;2015;-26.912754000000000;-52.291452999999997
Cobertura_Vegetal;2014;2015;-26.919115000000001;-52.307903000000003
Cobertura_Vegetal;2014;2015;-26.912883999999998;-52.322023999999999
Cobertura_Vegetal;2014;2015;-26.906393000000001;-52.344369999999998
Cobertura_Vegetal;2014;2015;-26.913143999999999;-52.366788999999997
Cobertura_Vegetal;2014;2015;-26.911325999999999;-52.407988000000003
Cobertura_Vegetal;2014;2015;-26.912040000000001;-52.442780999999997
Cobertura_Vegetal;2014;2015;-26.902628000000000;-52.427858999999998
Cobertura_Vegetal;2014;2015;-26.893151000000000;-52.437030999999998
Cobertura_Vegetal;2014;2015;-26.894449000000002;-52.423565000000004
Cobertura_Vegetal;2014;2015;-26.887114000000000;-52.463743999999998
Cobertura_Vegetal;2014;2015;-26.871012000000000;-52.431061999999997
Cobertura_Vegetal;2014;2015;-26.866596999999999;-52.437466999999998
Cobertura_Vegetal;2014;2015;-26.851206999999999;-52.447293999999999
Cobertura_Vegetal;2014;2015;-26.841400000000000;-52.435357000000003
Cobertura_Vegetal;2014;2015;-26.850428000000001;-52.418615000000003
Cobertura_Vegetal;2014;2015;-26.841660000000001;-52.411408999999999
Cobertura_Vegetal;2014;2015;-26.826981000000000;-52.439323000000002
Cobertura_Vegetal;2014;2015;-26.862310999999998;-52.409480000000002
Cobertura_Vegetal;2014;2015;-26.869844000000001;-52.385387000000001
Cobertura_Vegetal;2014;2015;-26.877244999999998;-52.379564000000002
Cobertura_Vegetal;2014;2015;-26.890165000000000;-52.401254999999999
Cobertura_Vegetal;2014;2015;-26.886918999999999;-52.408242999999999
Cobertura_Vegetal;2014;2015;-26.890684000000000;-52.393830000000001
Cobertura_Vegetal;2014;2015;-26.892696999999998;-52.376798000000001
Cobertura_Vegetal;2014;2015;-26.897435000000002;-52.348773999999999
Cobertura_Vegetal;2014;2015;-26.897694999999999;-52.332687999999997
Cobertura_Vegetal;2014;2015;-26.883153000000000;-52.351176000000002
Cobertura_Vegetal;2014;2015;-26.872959999999999;-52.325190999999997
Cobertura_Vegetal;2014;2015;-26.876011999999999;-52.345280000000002
Cobertura_Vegetal;2014;2015;-26.851402000000000;-52.321041999999998
Cobertura_Vegetal;2014;2015;-26.845296999999999;-52.333269999999999
Cobertura_Vegetal;2014;2015;-26.850168000000000;-52.348045999999997
Cobertura_Vegetal;2014;2015;-26.856019000000000;-52.374066999999997
Cobertura_Vegetal;2014;2015;-26.842659000000001;-52.391466999999999
Cobertura_Vegetal;2014;2015;-26.835422000000001;-52.402974000000000
Cobertura_Vegetal;2014;2015;-26.837091999999998;-52.388624000000000
Cobertura_Vegetal;2014;2015;-26.851534999999998;-52.370392000000002
Cobertura_Vegetal;2014;2015;-26.863316000000001;-52.354725999999999
Cobertura_Vegetal;2014;2015;-26.900230000000001;-52.368797999999998
Cobertura_Vegetal;2014;2015;-26.889904999999999;-52.325679000000001
Area_Antropizada;2014;2015;-26.916020000000000;-52.469501999999999
Area_Antropizada;2014;2015;-26.900133000000000;-52.467976999999998
Area_Antropizada;2014;2015;-26.897258999999998;-52.464719000000002
Area_Antropizada;2014;2015;-26.893827000000002;-52.483055000000000
Area_Antropizada;2014;2015;-26.884367999999998;-52.484718999999998
Area_Antropizada;2014;2015;-26.875093000000000;-52.478045999999999
Area_Antropizada;2014;2015;-26.876051000000000;-52.467457000000003
Area_Antropizada;2014;2015;-26.877458000000001;-52.465862999999999
Area_Antropizada;2014;2015;-26.875803999999999;-52.456781999999997
Area_Antropizada;2014;2015;-26.882466000000001;-52.458444999999998
Area_Antropizada;2014;2015;-26.888788000000002;-52.460768000000002
Area_Antropizada;2014;2015;-26.890689999999999;-52.458739999999999
Area_Antropizada;2014;2015;-26.890566000000000;-52.441443999999997
Area_Antropizada;2014;2015;-26.892112000000001;-52.431928999999997
Area_Antropizada;2014;2015;-26.896253999999999;-52.444754000000003
Area_Antropizada;2014;2015;-26.898820000000001;-52.439520000000002
Area_Antropizada;2014;2015;-26.901153000000001;-52.444633000000003
Area_Antropizada;2014;2015;-26.912898999999999;-52.448307000000000
Area_Antropizada;2014;2015;-26.916467999999998;-52.441063000000000
Area_Antropizada;2014;2015;-26.918662999999999;-52.450507999999999
Area_Antropizada;2014;2015;-26.908541000000000;-52.424044000000002
Area_Antropizada;2014;2015;-26.914891999999998;-52.400266000000002
Area_Antropizada;2014;2015;-26.914041999999998;-52.405760000000001
Area_Antropizada;2014;2015;-26.913200000000000;-52.396835000000003
Area_Antropizada;2014;2015;-26.886662999999999;-52.419521000000003
Area_Antropizada;2014;2015;-26.878686999999999;-52.414338999999998
Area_Antropizada;2014;2015;-26.878454999999999;-52.406435999999999
Area_Antropizada;2014;2015;-26.876491999999999;-52.401721999999999
Area_Antropizada;2014;2015;-26.870740999999999;-52.392432999999997
Area_Antropizada;2014;2015;-26.865887000000001;-52.384495000000001
Area_Antropizada;2014;2015;-26.859300000000001;-52.382589000000003
Area_Antropizada;2014;2015;-26.852188000000002;-52.376748999999997
Area_Antropizada;2014;2015;-26.850874000000001;-52.372295000000001
Area_Antropizada;2014;2015;-26.845863999999999;-52.355310000000003
Area_Antropizada;2014;2015;-26.868483999999999;-52.335571000000002
Area_Antropizada;2014;2015;-26.855481000000001;-52.315553999999999
Area_Antropizada;2014;2015;-26.847007999999999;-52.331637000000001
Area_Antropizada;2014;2015;-26.860862000000001;-52.319955999999998
Culturas_Agricolas;2014;2015;-26.838190000000001;-52.394165000000001
Culturas_Agricolas;2014;2015;-26.824601999999999;-52.374178999999998
Culturas_Agricolas;2014;2015;-26.826179000000000;-52.424484999999997
Culturas_Agricolas;2014;2015;-26.845469000000001;-52.359903000000003
Culturas_Agricolas;2014;2015;-26.875063999999998;-52.350658000000003
Culturas_Agricolas;2014;2015;-26.868272000000001;-52.344811999999997
Culturas_Agricolas;2014;2015;-26.864875999999999;-52.374178999999998
Culturas_Agricolas;2014;2015;-26.871182999999998;-52.368060999999997
Culturas_Agricolas;2014;2015;-26.853535000000001;-52.344472000000003
Culturas_Agricolas;2014;2015;-26.827452999999998;-52.304772000000000
Culturas_Agricolas;2014;2015;-26.885311000000002;-52.319727000000000
Culturas_Agricolas;2014;2015;-26.877428999999999;-52.299469000000002
Culturas_Agricolas;2014;2015;-26.902166000000001;-52.319591000000003
Culturas_Agricolas;2014;2015;-26.904833000000000;-52.368537000000003
Culturas_Agricolas;2014;2015;-26.904347999999999;-52.356844000000002
Culturas_Agricolas;2014;2015;-26.915502000000000;-52.397359999999999
Culturas_Agricolas;2014;2015;-26.901074000000001;-52.424959999999999
Culturas_Agricolas;2014;2015;-26.885916999999999;-52.358339999999998
Culturas_Agricolas;2014;2015;-26.884582999999999;-52.344676000000000
Culturas_Agricolas;2014;2015;-26.858205000000002;-52.309733999999999
Culturas_Agricolas;2014;2015;-26.829394000000001;-52.328156999999997
Culturas_Agricolas;2014;2015;-26.828908999999999;-52.352018000000001
Area_Antropizada;2014;2015;-26.835096000000000;-52.342840000000002
Area_Antropizada;2014;2015;-26.837765000000001;-52.333323000000000
Culturas_Agricolas;2014;2015;-26.824055999999999;-52.334887000000002
Culturas_Agricolas;2014;2015;-26.916805000000000;-52.375267000000001
Culturas_Agricolas;2014;2015;-26.908137000000000;-52.382541000000003
Culturas_Agricolas;2014;2015;-26.860904000000001;-52.437877000000000
Culturas_Agricolas;2014;2015;-26.858962999999999;-52.447122000000000
Culturas_Agricolas;2014;2015;-26.857144000000002;-52.421560999999997
Culturas_Agricolas;2014;2015;-26.848592000000000;-52.389747000000000
Culturas_Agricolas;2014;2015;-26.832457999999999;-52.427748000000001
Culturas_Agricolas;2014;2015;-26.828333000000001;-52.399196000000003
Culturas_Agricolas;2014;2015;-26.833853000000001;-52.383288999999998
Culturas_Agricolas;2014;2015;-26.831730000000000;-52.362147000000000
Culturas_Agricolas;2014;2015;-26.868181000000000;-52.362895000000002
Culturas_Agricolas;2014;2015;-26.891192000000000;-52.382745000000000
Culturas_Agricolas;2014;2015;-26.878216999999999;-52.432149000000003
Culturas_Agricolas;2014;2015;-26.875851999999998;-52.440340999999997
Culturas_Agricolas;2014;2015;-26.879581000000002;-52.443434000000003
Culturas_Agricolas;2014;2015;-26.867726000000001;-52.456417999999999
Culturas_Agricolas;2014;2015;-26.866513000000001;-52.450130000000001
Culturas_Agricolas;2014;2015;-26.860965000000000;-52.451183999999998
Culturas_Agricolas;2014;2015;-26.838705000000001;-52.459544999999999
Culturas_Agricolas;2014;2015;-26.845074000000000;-52.455329999999996
Culturas_Agricolas;2014;2015;-26.840555999999999;-52.448464000000001
Culturas_Agricolas;2014;2015;-26.849381000000001;-52.490068000000001
Culturas_Agricolas;2014;2015;-26.851534000000001;-52.481605000000002
Culturas_Agricolas;2014;2015;-26.852139999999999;-52.479191000000000
Culturas_Agricolas;2014;2015;-26.842829999999999;-52.477117999999997
Area_Antropizada;2014;2015;-26.846378000000001;-52.469673999999998
Culturas_Agricolas;2014;2015;-26.834550000000000;-52.490544000000000
Area_Antropizada;2014;2015;-26.831669000000002;-52.485650000000000
Culturas_Agricolas;2014;2015;-26.829425000000001;-52.478648000000000
Cobertura_Vegetal;2014;2015;-26.831790000000002;-52.483372000000003
Culturas_Agricolas;2014;2015;-26.829243000000002;-52.472054000000000
Cobertura_Vegetal;2014;2015;-26.826300000000000;-52.460973000000003
Cobertura_Vegetal;2014;2015;-26.834762999999999;-52.466546999999998
Culturas_Agricolas;2014;2015;-26.840282999999999;-52.465867000000003
Culturas_Agricolas;2014;2015;-26.863633000000000;-52.474364999999999
Culturas_Agricolas;2014;2015;-26.873031999999998;-52.461584999999999
Culturas_Agricolas;2014;2015;-26.869454999999999;-52.448667999999998
Culturas_Agricolas;2014;2015;-26.910136999999999;-52.436568000000001
Culturas_Agricolas;2014;2015;-26.890677000000000;-52.296801000000002
Culturas_Agricolas;2014;2015;-26.883583000000002;-52.292313999999998
Culturas_Agricolas;2014;2015;-26.891344000000000;-52.308833000000000
Area_Antropizada;2014;2015;-26.855869999999999;-52.299860000000002
Area_Antropizada;2014;2015;-26.857628999999999;-52.291837999999998
Cobertura_Vegetal;2014;2015;-26.846530000000001;-52.300744000000002
Culturas_Agricolas;2014;2015;-26.834277000000000;-52.305433999999998
Area_Antropizada;2014;2015;-26.840282999999999;-52.302306999999999
Culturas_Agricolas;2014;2015;-26.824086000000001;-52.293674000000003
Culturas_Agricolas;2014;2015;-26.831426000000000;-52.314067999999999
Culturas_Agricolas;2014;2015;-26.858416999999999;-52.337521000000002
Cobertura_Vegetal;2014;2015;-26.854292999999998;-52.353428000000001
Cobertura_Vegetal;2014;2015;-26.884007000000000;-52.365461000000003
Culturas_Agricolas;2014;2015;-26.887767000000000;-52.364916999999998
Culturas_Agricolas;2014;2015;-26.900195000000000;-52.407812000000000
Culturas_Agricolas;2014;2015;-26.915047000000001;-52.346221999999997